125,Veli Tuz,0 533 111111,0 232 11111
112,Ali Can Kara,0 554 22222,0 543 333333,0 312 111111
144,Canan Demir,0 216 444444
118,Cristiano Ronaldo,0 505 222222
102,Ayse Demir,0 532 81238128,0 213 123312123
100,Fatih Terim,0 555 5002020,0 202 200000000
131,Fatih Terim,0 333333333
099,Canan Demir,05 55555
540,Alan Turing, 0 564 4455554
210,Albert Einstein, 0 555 123 2344, 0 992 121 4499
817,Lionel Messi, 0 311 222 1344
128,Lebron James, 0 341 982 1234, 0 222 124 2299
129,Donald Trump, 0 887 888 2344, 0 123 323 4436, 0 928 124 4532
124,Berkay Bilimli, 0 536 791 4920
318,Akın Eren Gündüz, 0 551 118 5172
415,Arda Turan, 0 513 455 6782, 0 544 667 2244
531,Fatih Terim, 0 567 224 5772
754,Veli Tuz, 0 512 224 5612
111,Mr Robot, 0 564 564994, 0 594 151 64 66
754,Jack Sparrow, 0 563 568 78 91
456,Ada Lovelace, 0 465 148 79 36, 0 543 264 79 81
245,Albert Einstein, 0 625 741 63 52
001,Nikola Tesla, 0 412 04 50, 0 456 41 52
123,James Maxwell, 0 456 26 26, 0 444 56 11
164,Carl Sagan, 0 156 156 16 64, 7 156 015 12 65
456,Richard Feynmann, 0 462 46
023,Alex de Souza, 0 838 233 5354
067,Zlatan Ibrahimovic, 0 573 889 3355, 0 444 738 1233
